image: fetch-playground-map.pgm
resolution: 0.050000
origin: [-8.176719, -8.337874, 0.000000]
negate: 0
occupied_thresh: 0.65
free_thresh: 0.196

